training_time:60
track_number:8
global_volatility:[-558.84 -506.76 -657.92 ...  785.32 -269.55  902.12]
model_size:(9, 52)
reward_time:[7.409307195979636, 20.700136655999813, 31.36391036596615, 63.63129527395358, 86.92387877596775, 105.33917336398736, 126.40065544395475, 144.81121550599346, 165.40754179196665, 185.969486027956, 252.85496670700377, 271.9089285619557, 291.41485563397873, 310.1215942989802, 328.04055386799155, 346.5619439369766, 365.78535289497813, 388.47486574796494, 408.1826500929892, 434.5023244789918, 456.88867116498295, 475.8687247609487, 493.4847719919635, 513.1553507350036, 528.3181318949792, 547.2091580529814, 570.548420032952, 589.248699600983, 607.4968377899495, 628.5612164409831, 655.7007359769777, 9.599637967010494, 27.534565570997074, 46.87213685398456, 97.39119994197972, 122.68921279901406, 148.93759195198072, 177.64849987399066, 199.83749952400103, 224.4368584729964, 252.490714028012, 280.2115686390316, 306.2769241720089, 334.76331407402176, 361.19942665699637, 387.16219534899574, 410.62647181301145, 438.38034553203033, 466.2682700409787, 495.25869227503426, 527.8470232050167, 581.3160475059994, 612.8757669519982, 644.1509278740268, 677.459714592027, 708.9283949040109, 736.8959083370282, 768.127830663987, 794.2024896690273, 825.6756915550213, 854.5287554420065, 890.9297566179885, 914.8239594660117, 944.0090183740249, 975.9267976360279, 1008.7276513149845, 1039.7465490300092, 1076.775064928981, 1112.6746672340087, 1141.8798651270336, 1176.5263457489782]
DQN_model_param:Neat_env06.txt
DQN_model_param_is_saved:False
policy_time:0.00012027804041281343
policy_score:316.28500000000054
reward_history:[-269.65000000000003, -247.64999999999998, 40.74999999999994, -246.92000000000002, -247.38, -231.15000000000003, -257.46, -258.65, -238.96000000000004, -164.43000000000006, -231.15000000000003, -226.17999999999995, -231.15000000000003, -182.77999999999997, -135.27999999999997, -151.56999999999994, -115.95000000000005, -242.95999999999998, -111.78000000000003, -160.29000000000013, -146.27999999999997, -105.52000000000004, -140.57000000000005, -105.25, -124.95000000000005, -146.27999999999997, -134.68, -111.97000000000003, -124.31, -125.85000000000002, -114.22000000000003, -149.84000000000003, -67.68999999999988, -76.31000000000006, 19.000000000000057, -59.01000000000002, 111.15000000000003, 1748.11, -63.849999999999966, 785.3199999999997]
volatility_history:270.25098346915547
